0	0.02040816326530612	0.04081632653061224	0.061224489795918366	0.08163265306122448	0.1020408163265306	0.12244897959183673	0.14285714285714285	0.16326530612244897	0.18367346938775508	0.2040816326530612	0.22448979591836732	0.24489795918367346	0.26530612244897955	0.2857142857142857	0.3061224489795918	0.32653061224489793	0.3469387755102041	0.36734693877551017	0.3877551020408163	0.4081632653061224	0.42857142857142855	0.44897959183673464	0.4693877551020408	0.4897959183673469	0.5102040816326531	0.5306122448979591	0.5510204081632653	0.5714285714285714	0.5918367346938775	0.6122448979591836	0.6326530612244897	0.6530612244897959	0.673469387755102	0.6938775510204082	0.7142857142857142	0.7346938775510203	0.7551020408163265	0.7755102040816326	0.7959183673469387	0.8163265306122448	0.836734693877551	0.8571428571428571	0.8775510204081632	0.8979591836734693	0.9183673469387754	0.9387755102040816	0.9591836734693877	0.9795918367346939	0.9999999999999999

0	-0.03798244738053876	-0.019722190705683956	0.05684966557725082	0.13763541757113937	0.16447847439718122	0.13118065093334386	0.08947235184934821	0.09918507694027967	0.1706208312261299	0.2546290805931963	0.28994927679616433	0.2622179280661878	0.21780372787307095	0.2191445401793293	0.2846063208341924	0.37079275591929295	0.4143452363305076	0.392970811790452	0.34691509190387415	0.34019707680071987	0.39894510467257593	0.4862296480704628	0.5376343836420274	0.5233029522281692	0.47669704777182886	0.46236561635797074	0.5137703519295354	0.6010548953274224	0.6598029231992786	0.6530849080961243	0.6070291882095465	0.5856547636694911	0.6292072440807059	0.7153936791658067	0.78085545982067	0.7821962721269284	0.7377820719338118	0.7100507232038356	0.7453709194068038	0.8293791687738703	0.9008149230597207	0.9105276481506522	0.8688193490666566	0.8355215256028192	0.862364582428861	0.9431503344227495	1.0197221907056842	1.0379824473805388	1

0	-0.037982461060102585	-0.019722217952502577	0.056849624930718885	0.1376353637467536	0.1644784076699853	0.13118057163021843	0.08947226034745617	0.0991849736653115	0.17062071665035702	0.2546289552333412	0.28994914121109705	0.2622177828544584	0.21780357367029002	0.21914437765540642	0.28460615069044537	0.3707925788854399	0.41434505316155523	0.3929706232634921	0.3469148988148031	0.34019687996089437	0.398944904905419	0.48622944620803404	0.5376341805215715	0.5233027486886586	0.4766968446505118	0.4623654144869423	0.5137701521323423	0.6010546984157178	0.6598027299695386	0.6530847193264413	0.6070290046565102	0.5856545860651711	0.6292070731297472	0.7153935155426498	0.7808553041669064	0.7821961250488015	0.7377819339998731	0.7100505949427661	0.7453708013054074	0.8293790612752471	0.9008148265616271	0.9105275630040554	0.8688192755744851	0.8355214640189166	0.8623645329571455	0.9431502972165816	1.0197221658674454	1.0379824349614195	1

0	-0.03798244721688938	-0.019722190370576907	0.05684966550219957	0.13763541732866022	0.16447847419018038	0.13118065080590932	0.08947235210574009	0.0991850771721779	0.17062083117437546	0.25462908037225257	0.28994927650212493	0.2622179279299102	0.21780372807623485	0.21914454044250137	0.2846063207397647	0.3707927557302399	0.414345236012271	0.39297081153797436	0.34691509215824146	0.34019707702576935	0.39894510462597016	0.4862296478711316	0.5376343833596842	0.5233029519886638	0.47669704800691387	0.46236561695807804	0.5137703523010491	0.6010548957491859	0.6598029240513719	0.6530849095913103	0.6070291905791093	0.5856547671657901	0.6292072480187968	0.715393682565779	0.7808554622915196	0.7821962733807934	0.7377820712751636	0.7100507201107051	0.7453709142614334	0.8293791622597879	0.9008149158504881	0.9105276410025804	0.8688193428334211	0.8355215204627223	0.8623645778821714	0.9431503300620918	1.019722186950525	1.0379824451505646	1

0	-0.033038259	-0.01459613	0.057220101	0.132893419	0.159191605	0.130441302	0.093992675	0.10461103	0.171726055	0.250349007	0.284406537	0.260751371	0.221825963	0.224781291	0.286428185	0.367044887	0.408637637	0.390801127	0.350373194	0.345952071	0.401453695	0.483075523	0.531855644	0.520465765	0.479534235	0.468144356	0.516924477	0.598546305	0.654047929	0.649626806	0.609198873	0.591362363	0.632955113	0.713571815	0.775218709	0.778174037	0.739248629	0.715593463	0.749650993	0.828273945	0.89538897	0.906007325	0.869558698	0.840808395	0.867106581	0.942779899	1.01459613	1.033038259	1

0	2.696539525004482E-07	4.02267119170574E-07	5.326845844422223E-07	6.603800670745841E-07	7.848403242860513E-07	9.055680791902887E-07	1.0220828698948026E-06	1.1339236891672044E-06	1.2406507821083324E-06	1.341846740388064E-06	1.4371188115092082E-06	1.5261010588574209E-06	1.6084527771909052E-06	1.6838640988225961E-06	1.7520533859283205E-06	1.812771131426416E-06	1.8657973726021737E-06	1.9109473043954495E-06	1.9480676201055758E-06	1.9770383801187563E-06	1.9977750866928545E-06	2.010224861237475E-06	2.014372483927218E-06	2.010233558280561E-06	1.9978600249714873E-06	1.9773358701513644E-06	1.9487789728600546E-06	1.9123393144582224E-06	1.8681996039049409E-06	1.816571966628544E-06	1.7576993229795335E-06	1.6918525886921998E-06	1.619331953861547E-06	1.5404609072788844E-06	1.4555900804680277E-06	1.365092629157516E-06	1.269363238520782E-06	1.1688157712796965E-06	1.0638829337494826E-06	9.550139239422606E-07	8.426714828146942E-07	7.273316100508964E-07	6.094779720910992E-07	4.896079417449073E-07	3.6821842286371975E-07	2.458175281105923E-07	1.2290820450289175E-07	8.526512829121202E-14	0

0	-3.1381915732708876E-08	-1.7586543208381045E-06	8.937780826556718E-07	3.8831205984024564E-07	2.2262275933826459E-07	1.1529122971865036E-06	-1.8136458379558462E-06	-2.583324487659411E-07	3.5981459944878225E-07	-3.670479884476663E-07	1.7407420216386527E-06	-1.820894937054618E-07	-1.0837828483545309E-06	-2.7918119371861394E-07	-1.878182089853908E-07	2.550627300479391E-07	1.0588504721908976E-06	7.586058075048641E-07	-1.7840518466982758E-06	-1.5496613059440278E-07	1.6438951888630982E-07	-4.2427781465903536E-07	1.5281839012004639E-06	7.875302543425278E-07	-1.0405387200762561E-06	-1.264168957959555E-06	1.0671277692608783E-06	3.9361799508697004E-07	6.303518489403359E-07	1.6838630472193472E-06	4.20935464262584E-08	-2.2933005823233543E-06	-1.8728118789113068E-06	5.185932394624615E-08	-1.3624490122765565E-06	-2.215425212170885E-06	-1.2182846234054523E-06	4.785004250607017E-07	3.4743393939606904E-07	1.6269617972852757E-06	3.4783939497629035E-06	3.1266818609765323E-06	-2.332630018031523E-07	-1.94896108496323E-06	-3.008859152942023E-07	1.9279016036932717E-06	1.8006521713687107E-06	5.72989932834389E-07	0

